1
25
8
2
-0.835454585991374
-0.8312025548760505
-0.2959236638083623
0.0627691327033083
-0.2074989294279893
-0.14281577731928413
0.11052856276852903
0.19874308071788369
0.27997704185574024
-0.01943853684004959
-0.03490993492993473
-0.02802618947618836
0.011440965771307932
-0.45550311914646685
0.015110537816293831
0.038040633231706644
0.028356513387803373
0.025311338560998264
-0.02642480267146055
0.31654624182576857
0.409475292010314
-0.28726568110649864
-0.2640641406671012
-0.031759610542317906
0.023147672680029777
-0.05756981629540019
-0.7872021829884022
-0.6687868792418551
-0.41527637754357133
0.09541858854031247
-0.37769356721058467
-0.17580690260935525
0.0530345748526367
0.37971841411311164
0.07638519952969242
-0.03960623169851074
-0.0016675615215023393
0.006255668001318868
-0.08746103037172753
-0.39486214798623487
-0.05364850757771109
0.012556566849235784
-0.00457427550440577
-0.08589214249698843
-0.07033555326805013
0.4412356660726602
0.37754839409929575
-0.21548904055849372
-0.22922357626132295
0.04193857441775037
0.02535147233143059
0.07385412099416805
-0.6699605569888913
-0.939304276156331
-0.1771834319067108
0.20012524161780482
-0.30153410950225995
-0.22499162861282765
0.10494009504285806
0.37661649863653335
0.3692652367549393
-0.057876280681044
0.04817088919261231
-0.05090856843350414
0.06691169084516052
-0.70421206020181
-0.05908819071807932
-0.0698036463073529
0.006361440747481392
0.09659186486897903
0.02261048903258049
0.6186994191624943
0.5181577539443685
-0.2573789171274411
-0.29813501942758136
-0.06977903530391497
-0.046974781077401856
0.00011069008930493507
-1.0311354580122458
-0.1673282882502638
0.07600396632223924
-0.23787081283322317
0.08808156773332429
0.010307748367653427
-0.0867108724522689
-0.20649448165099393
-0.09359440220663326
-0.04120011505885526
0.015887897098649725
-0.009846173284062856
0.0571287597525752
0.2545839275092256
0.06107327443056196
-0.05430936299465044
-0.051164673262319084
-0.00864314538875828
0.09017391874292255
-0.1316617203269548
-0.2849449447434795
0.0699420062583334
0.07445935596449926
0.04115423600233084
-0.006018935095419023
0.05702967048089644
0.31871883978472765
-2.7368559281812783
-0.30977686239713526
0.9440906256781751
-1.1462442091927172
-0.48045043329485526
0.5848272241992387
1.0850486710885765
0.7695493737987172
-0.04344463005185835
-0.01437920752916147
-0.09486513897840315
-0.053955698102241906
-1.8242805904608128
-0.09059324457667561
-0.033451371849385805
0.08360974566714208
-0.01546730992200232
-0.008443694809063818
1.4418726049858712
1.54167111556923
-0.8009122333909456
-0.6260528070487686
0.05172281710856874
-0.09316886823030988
0.019148410825278253
0.3204355341340478
-2.715868484612782
-0.40970480568385675
0.9951817085185108
-1.5084877239962624
-0.6192148068571225
0.3988775939496946
1.5122414436061908
1.0722342467073578
0.05177297852301277
-0.03368209242794709
-0.06561980385113833
0.011549562334784949
-2.052581438771939
-0.08044755380941204
-0.029158422026054717
-0.045754517186634036
0.0020417460659455655
0.02946431303172692
1.9824487892326803
1.82219420330165
-1.0329598628622938
-0.8710050036053095
-0.005847641750511182
-0.0662244011388411
0.06484845884430884
0.16265203712403103
-1.607502527494276
-1.4060484863265306
0.548066897241155
-2.1598650952295477
-0.9351020918073935
0.20216284301722315
3.033742515562029
0.9517414906341135
-0.038394776392260854
0.004163704559352804
-0.06655024407781573
0.06264060586887255
-2.1252334729878903
0.012495784944634838
0.058959757655914186
-0.018900938419927543
-0.07467297080111415
-0.009395836293059512
2.1762150695665694
2.3550678713441027
-1.371113969821661
-1.197790468387806
-0.05984405024947013
0.005187949219117541
-0.06426540748838241
-0.389647285241062
0.09785404304274326
0.4615840094116188
-0.20242728123594242
0.7434661077984714
0.18585275252998693
-0.11264623074587328
-1.153857241044531
-0.2780852760642499
0.05312568798991438
-0.015876079958341838
0.07844785914514238
0.04646782828536286
0.8258613818394701
-0.05650353985465309
-0.0366119892758021
-0.04794591258843746
0.03635137521763174
0.02688884106831574
-0.478227506202135
-0.4973456467809455
0.47623124500628505
0.505729271832006
-0.018306298465427376
0.03267897986301191
0.07804529745345684
-2.493802780694168
0.7071835762773838
0.7309884261792887
1.013464874479085
-0.45760245213316414
2.8161076068171442
3.1367030855362548
2.9529573738155954
-1.316495921445399
2.4623898855191015
-0.7845661547780399
-0.8041111918343664
-0.9908285264626328
0.4835882612853052
-2.8021704788901562
-3.166699730608796
-2.8987574918834977
1.3992461663275577
